#
# This file is create by LigBuilder/Cavity.
# It stores the parameters for the pocket atoms.
# Creation time: Mon Feb 23 14:13:29 2026
#
# 1st column: ID of the atom
# 2nd column: ID of the atom in the original PDB file
# 3rd column: atom type
# 4th column: X coordinate
# 5th column: Y coordinate
# 6th column: Z coordinate
# 7th column: vdw radius
# 8th column: atomic hydrophobic scale
# 9th column: H-bond character
# 10th column: H-bond root X coordinate
# 11th column: H-bond root Y coordinate
# 12th column: H-bond root Z coordinate
#
<Start>
<Atom_number> 152
  1     7   S.3   59.98   50.00   -4.63  2.09   0.25  -0.2737   N    0.00    0.00    0.00    0.00    0.00    0.00 0 0 0 0 0   -1   -1   -1
  2     8   C.3   58.47   49.46   -3.78  1.94   0.53  -0.0536   N    0.00    0.00    0.00    0.00    0.00    0.00 0 0 0 0 0   -1   -1   -1
  3   129  C.ar   53.05   51.51   -3.64  1.85   0.34  -0.1906   N    0.00    0.00    0.00    0.00    0.00    0.00 0 0 0 0 0   -1   -1   -1
  4   131  C.ar   54.35   51.43   -3.10  1.85   0.34  -0.2341   N    0.00    0.00    0.00    0.00    0.00    0.00 0 0 0 0 0   -1   -1   -1
  5   186   C.3   53.12   50.45   -9.38  1.94  -0.31  -0.0518   N    0.00    0.00    0.00    0.00    0.00    0.00 0 0 0 0 0   -1   -1   -1
  6   187   C.2   52.39   49.17   -8.97  1.90  -0.03   0.5973   N    0.00    0.00    0.00    0.00    0.00    0.00 0 0 0 0 0   -1   -1   -1
  7   188   O.2   52.87   48.08   -9.27  1.66  -0.40  -0.5679   P   53.26   47.19   -9.52    0.48   -0.04    0.88 2 0 2 0 2   -1   -1   -1
  8   189   C.3   53.97   51.06   -8.24  1.94   0.36  -0.1102   N    0.00    0.00    0.00    0.00    0.00    0.00 0 0 0 0 0   -1   -1   -1
  9   190   C.3   55.06   50.12   -7.67  1.94   0.13   0.3531   N    0.00    0.00    0.00    0.00    0.00    0.00 0 0 0 0 0   -1   -1   -1
 10   191   C.3   56.21   50.95   -7.09  1.94   0.53  -0.4121   N    0.00    0.00    0.00    0.00    0.00    0.00 0 0 0 0 0   -1   -1   -1
 11   192   C.3   54.56   49.23   -6.52  1.94   0.53  -0.4121   N    0.00    0.00    0.00    0.00    0.00    0.00 0 0 0 0 0   -1   -1   -1
 12   204  N.am   51.22   49.28   -8.33  1.83  -0.10  -0.4157   P   50.85   50.19   -8.15    0.00    0.00    0.00 0 1 0 1 1   -1   -1   -1
 13   205   C.3   50.46   48.10   -7.89  1.94  -0.31  -0.0237   N    0.00    0.00    0.00    0.00    0.00    0.00 0 0 0 0 0   -1   -1   -1
 14   206   C.2   49.86   47.34   -9.09  1.90  -0.03   0.5973   N    0.00    0.00    0.00    0.00    0.00    0.00 0 0 0 0 0   -1   -1   -1
 15   207   O.2   50.15   46.15   -9.19  1.66  -0.40  -0.5679   P   50.38   45.18   -9.27   -0.86   -0.25    0.45 2 0 1 0 2   -1   -1   -1
 16   208   C.3   49.44   48.47   -6.80  1.94   0.36   0.0342   N    0.00    0.00    0.00    0.00    0.00    0.00 0 0 0 0 0   -1   -1   -1
 17   209   C.3   50.11   49.04   -5.54  1.94   0.36   0.0018   N    0.00    0.00    0.00    0.00    0.00    0.00 0 0 0 0 0   -1   -1   -1
 18   210   S.3   51.23   47.93   -4.64  2.09   0.25  -0.2737   N    0.00    0.00    0.00    0.00    0.00    0.00 0 0 0 0 0   -1   -1   -1
 19   211   C.3   50.03   46.70   -4.07  1.94   0.53  -0.0536   N    0.00    0.00    0.00    0.00    0.00    0.00 0 0 0 0 0   -1   -1   -1
 20   249  N.am   52.90   45.54  -10.67  1.83  -0.10  -0.4157   P   52.63   46.35  -11.20    0.00    0.00    0.00 0 1 0 1 1   -1   -1   -1
 21   250   C.3   53.31   44.37   -9.90  1.94  -0.31  -0.0518   N    0.00    0.00    0.00    0.00    0.00    0.00 0 0 0 0 0   -1   -1   -1
 22   251   C.2   52.30   43.22  -10.03  1.90  -0.03   0.5973   N    0.00    0.00    0.00    0.00    0.00    0.00 0 0 0 0 0   -1   -1   -1
 23   252   O.2   52.69   42.06  -10.19  1.66  -0.40  -0.5679   P   53.02   41.12  -10.33   -0.03   -0.15    0.99 2 0 2 0 2   -1   -1   -1
 24   253   C.3   53.50   44.79   -8.43  1.94   0.36  -0.1102   N    0.00    0.00    0.00    0.00    0.00    0.00 0 0 0 0 0   -1   -1   -1
 25   254   C.3   54.03   43.67   -7.51  1.94   0.13   0.3531   N    0.00    0.00    0.00    0.00    0.00    0.00 0 0 0 0 0   -1   -1   -1
 26   255   C.3   55.41   43.18   -7.95  1.94   0.53  -0.4121   N    0.00    0.00    0.00    0.00    0.00    0.00 0 0 0 0 0   -1   -1   -1
 27   256   C.3   54.13   44.19   -6.08  1.94   0.53  -0.4121   N    0.00    0.00    0.00    0.00    0.00    0.00 0 0 0 0 0   -1   -1   -1
 28   268  N.am   51.00   43.53  -10.02  1.83  -0.10  -0.4157   P   50.75   44.47   -9.83    0.00    0.00    0.00 0 1 0 0 1   -1   -1   -1
 29   269   C.3   49.93   42.56  -10.27  1.94  -0.31  -0.0031   N    0.00    0.00    0.00    0.00    0.00    0.00 0 0 0 0 0   -1   -1   -1
 30   272   C.3   48.57   43.22   -9.99  1.94   0.36  -0.0036   N    0.00    0.00    0.00    0.00    0.00    0.00 0 0 0 0 0   -1   -1   -1
 31   273   C.3   48.36   43.45   -8.49  1.94  -0.01  -0.0645   N    0.00    0.00    0.00    0.00    0.00    0.00 0 0 0 0 0   -1   -1   -1
 32   274   C.2   46.99   44.03   -8.16  1.90  -0.03   0.6951   N    0.00    0.00    0.00    0.00    0.00    0.00 0 0 0 0 0   -1   -1   -1
 33   275  N.am   46.34   43.53   -7.14  1.83  -0.65  -0.9407   P   45.84   43.15   -6.36    0.40    0.70    0.60 0 2 0 2 2   -1   -1   -1
 34   276   O.2   46.47   44.91   -8.84  1.66  -0.40  -0.6086   P   46.04   45.62   -9.39   -0.40   -0.70   -0.60 2 0 2 0 2   -1   -1   -1
 35   314   O.2   50.84   38.15  -10.34  1.66  -0.40  -0.5679   P   50.02   38.71  -10.48    0.01    0.27    0.96 2 0 1 0 2   -1   -1   -1
 36   315   C.3   53.78   38.56   -8.97  1.94   0.36  -0.1102   N    0.00    0.00    0.00    0.00    0.00    0.00 0 0 0 0 0   -1   -1   -1
 37   317   C.3   55.60   39.47   -7.50  1.94   0.53  -0.4121   N    0.00    0.00    0.00    0.00    0.00    0.00 0 0 0 0 0   -1   -1   -1
 38   343   C.3   48.90   37.10   -5.91  1.94  -0.31  -0.0266   N    0.00    0.00    0.00    0.00    0.00    0.00 0 0 0 0 0   -1   -1   -1
 39   345   O.2   49.63   37.10   -3.63  1.66  -0.40  -0.5748   N    0.00    0.00    0.00    0.00    0.00    0.00 0 0 0 0 2   -1   -1   -1
 40   346   C.3   47.37   37.23   -5.85  1.94   0.36  -0.0070   N    0.00    0.00    0.00    0.00    0.00    0.00 0 0 0 0 0   -1   -1   -1
 41   374   O.2   55.15   37.20   -3.96  1.66  -0.40  -0.5679   N    0.00    0.00    0.00    0.00    0.00    0.00 0 0 0 0 2   -1   -1   -1
 42   382  N.am   53.17   37.53   -4.98  1.83  -0.10  -0.4157   P   53.24   36.55   -5.17    0.00    0.00    0.00 0 1 0 1 1   -1   -1   -1
 43   383   C.3   53.08   38.96   -4.70  1.94  -0.31   0.0337   N    0.00    0.00    0.00    0.00    0.00    0.00 0 0 0 0 0   -1   -1   -1
 44   384   C.2   52.86   39.24   -3.21  1.90  -0.03   0.5973   N    0.00    0.00    0.00    0.00    0.00    0.00 0 0 0 0 0   -1   -1   -1
 45   385   O.2   53.57   40.08   -2.65  1.66  -0.40  -0.5679   P   54.15   40.76   -2.20   -0.70    0.70   -0.15 2 0 1 0 2   -1   -1   -1
 46   386   C.3   51.97   39.58   -5.55  1.94   0.53  -0.1825   N    0.00    0.00    0.00    0.00    0.00    0.00 0 0 0 0 0   -1   -1   -1
 47   392  N.am   51.98   38.50   -2.53  1.83  -0.10  -0.4157   P   51.37   37.90   -3.04    0.00    0.00    0.00 0 1 0 1 1   -1   -1   -1
 48   393   C.3   51.86   38.53   -1.06  1.94  -0.31   0.0188   N    0.00    0.00    0.00    0.00    0.00    0.00 0 0 0 0 0   -1   -1   -1
 49   394   C.2   53.21   38.23   -0.39  1.90  -0.03   0.5973   N    0.00    0.00    0.00    0.00    0.00    0.00 0 0 0 0 0   -1   -1   -1
 50   395   O.2   53.68   38.97    0.48  1.66  -0.40  -0.5679   P   54.06   39.57    1.19   -0.41   -0.58    0.71 2 0 1 0 2   -1   -1   -1
 51   396   C.3   50.82   37.49   -0.61  1.94  -0.01  -0.0462   N    0.00    0.00    0.00    0.00    0.00    0.00 0 0 0 0 0   -1   -1   -1
 52   397  C.ar   50.71   37.33    0.88  1.90  -0.03  -0.0266   N    0.00    0.00    0.00    0.00    0.00    0.00 0 0 0 0 0   -1   -1   -1
 53   398  C.ar   50.94   38.30    1.81  1.90  -0.31   0.1292   N    0.00    0.00    0.00    0.00    0.00    0.00 0 0 0 0 0   -1   -1   -1
 54   401  N.ar   50.78   37.71    3.04  1.87   0.14  -0.5727   P   50.67   37.28    3.94    0.00    0.00    0.00 1 1 1 1 1   -1   -1   53
 55   409  N.am   53.89   37.17   -0.86  1.83  -0.10  -0.3479   P   54.39   36.38   -1.20    0.00    0.00    0.00 0 1 0 1 1   -1   -1   -1
 56   411   C.2   56.35   37.63   -0.86  1.90  -0.03   0.7341   N    0.00    0.00    0.00    0.00    0.00    0.00 0 0 0 0 0   -1   -1   -1
 57   433  N.am   56.04   38.74   -1.52  1.83  -0.10  -0.4157   P   55.10   38.83   -1.85    0.00    0.00    0.00 0 1 0 1 1   -1   -1   -1
 58   434   C.3   56.94   39.86   -1.80  1.94  -0.31  -0.0518   N    0.00    0.00    0.00    0.00    0.00    0.00 0 0 0 0 0   -1   -1   -1
 59   435   C.2   56.53   41.13   -1.04  1.90  -0.03   0.5973   N    0.00    0.00    0.00    0.00    0.00    0.00 0 0 0 0 0   -1   -1   -1
 60   436   O.2   57.40   41.86   -0.58  1.66  -0.40  -0.5679   P   58.11   42.45   -0.20   -0.06    0.59   -0.81 2 0 1 0 2   -1   -1   -1
 61   437   C.3   57.03   40.05   -3.33  1.94   0.36  -0.1102   N    0.00    0.00    0.00    0.00    0.00    0.00 0 0 0 0 0   -1   -1   -1
 62   438   C.3   58.19   40.97   -3.78  1.94   0.13   0.3531   N    0.00    0.00    0.00    0.00    0.00    0.00 0 0 0 0 0   -1   -1   -1
 63   439   C.3   59.56   40.37   -3.42  1.94   0.53  -0.4121   N    0.00    0.00    0.00    0.00    0.00    0.00 0 0 0 0 0   -1   -1   -1
 64   440   C.3   58.14   41.16   -5.29  1.94   0.53  -0.4121   N    0.00    0.00    0.00    0.00    0.00    0.00 0 0 0 0 0   -1   -1   -1
 65   452  N.am   55.23   41.33   -0.79  1.83  -0.10  -0.4157   P   54.58   40.73   -1.25    0.00    0.00    0.00 0 1 0 0 1   -1   -1   -1
 66   453   C.3   54.69   42.37    0.09  1.94  -0.31   0.0337   N    0.00    0.00    0.00    0.00    0.00    0.00 0 0 0 0 0   -1   -1   -1
 67   454   C.2   55.29   42.28    1.49  1.90  -0.03   0.5973   N    0.00    0.00    0.00    0.00    0.00    0.00 0 0 0 0 0   -1   -1   -1
 68   455   O.2   55.79   43.27    2.03  1.66  -0.40  -0.5679   P   56.20   44.08    2.46   -0.87    0.20    0.45 2 0 2 0 2   -1   -1   -1
 69   456   C.3   53.16   42.19    0.17  1.94   0.53  -0.1825   N    0.00    0.00    0.00    0.00    0.00    0.00 0 0 0 0 0   -1   -1   -1
 70   462  N.am   55.32   41.07    2.07  1.83  -0.10  -0.4157   P   54.89   40.31    1.58    0.00    0.00    0.00 0 1 0 0 1   -1   -1   -1
 71   463   C.3   55.94   40.78    3.37  1.94  -0.31  -0.0875   N    0.00    0.00    0.00    0.00    0.00    0.00 0 0 0 0 0   -1   -1   -1
 72   464   C.2   57.44   41.10    3.35  1.90  -0.03   0.5973   N    0.00    0.00    0.00    0.00    0.00    0.00 0 0 0 0 0   -1   -1   -1
 73   478  N.am   58.13   40.85    2.23  1.83  -0.10  -0.3479   P   57.65   40.43    1.46    0.00    0.00    0.00 0 1 0 1 1   -1   -1   -1
 74   480   C.2   59.84   42.64    2.00  1.90  -0.03   0.7341   N    0.00    0.00    0.00    0.00    0.00    0.00 0 0 0 0 0   -1   -1   -1
 75   502  N.am   59.17   43.38    1.11  1.83  -0.10  -0.4157   P   58.53   42.92    0.49    0.00    0.00    0.00 0 1 0 0 1   -1   -1   -1
 76   503   C.3   59.35   44.83    1.00  1.94  -0.31  -0.0024   N    0.00    0.00    0.00    0.00    0.00    0.00 0 0 0 0 0   -1   -1   -1
 77   504   C.2   58.90   45.56    2.28  1.90  -0.03   0.5973   N    0.00    0.00    0.00    0.00    0.00    0.00 0 0 0 0 0   -1   -1   -1
 78   505   O.2   59.50   46.57    2.65  1.66  -0.40  -0.5679   P   59.98   47.39    2.95   -0.66    0.57   -0.49 2 0 2 0 2   -1   -1   -1
 79   506   C.3   58.61   45.37   -0.23  1.94  -0.01  -0.0343   N    0.00    0.00    0.00    0.00    0.00    0.00 0 0 0 0 0   -1   -1   -1
 80   507  C.ar   59.42   45.30   -1.52  1.85   0.30   0.0118   N    0.00    0.00    0.00    0.00    0.00    0.00 0 0 0 0 0   -1   -1   -1
 81   508  C.ar   59.79   44.06   -2.08  1.85   0.34  -0.1256   N    0.00    0.00    0.00    0.00    0.00    0.00 0 0 0 0 0   -1   -1   -1
 82   509  C.ar   59.83   46.50   -2.14  1.85   0.34  -0.1256   N    0.00    0.00    0.00    0.00    0.00    0.00 0 0 0 0 0   -1   -1   -1
 83   522  N.am   57.90   45.03    3.00  1.83  -0.10  -0.4157   P   57.16   44.63    3.53    0.00    0.00    0.00 0 1 0 1 1   -1   -1   -1
 84   528   O.3   55.17   45.35    3.58  1.74  -0.47  -0.6761   N    0.00    0.00    0.00    0.00    0.00    0.00 0 0 0 0 3   -1   -1   -1
 85   575   C.2   59.60   50.56    1.36  1.90  -0.03   0.5973   N    0.00    0.00    0.00    0.00    0.00    0.00 0 0 0 0 0   -1   -1   -1
 86   576   O.2   58.87   50.28    0.41  1.66  -0.40  -0.5679   P   58.27   50.06   -0.36   -0.50   -0.65    0.57 2 0 2 0 2   -1   -1   -1
 87   592  N.am   59.32   51.53    2.22  1.83  -0.10  -0.4157   P   59.10   52.26    2.87    0.00    0.00    0.00 0 1 0 1 1   -1   -1   -1
 88   596   C.3   57.59   51.42    3.91  1.94   0.36  -0.1102   N    0.00    0.00    0.00    0.00    0.00    0.00 0 0 0 0 0   -1   -1   -1
 89   597   C.3   57.35   49.90    3.94  1.94   0.13   0.3531   N    0.00    0.00    0.00    0.00    0.00    0.00 0 0 0 0 0   -1   -1   -1
 90   599   C.3   56.11   49.52    3.15  1.94   0.53  -0.4121   N    0.00    0.00    0.00    0.00    0.00    0.00 0 0 0 0 0   -1   -1   -1
 91  1075  C.ar   49.78   42.77    3.52  1.85   0.34  -0.1256   N    0.00    0.00    0.00    0.00    0.00    0.00 0 0 0 0 0   -1   -1   -1
 92  1077  C.ar   50.81   43.39    2.79  1.85   0.34  -0.1704   N    0.00    0.00    0.00    0.00    0.00    0.00 0 0 0 0 0   -1   -1   -1
 93  1079  C.ar   52.07   43.57    3.38  1.85   0.34  -0.1072   N    0.00    0.00    0.00    0.00    0.00    0.00 0 0 0 0 0   -1   -1   -1
 94  1654   C.3   42.80   38.46   -7.67  1.94  -0.31  -0.2637   N    0.00    0.00    0.00    0.00    0.00    0.00 0 0 0 0 0   -1   -1   -1
 95  1657   C.3   44.19   38.94   -8.12  1.94   0.36  -0.0007   N    0.00    0.00    0.00    0.00    0.00    0.00 0 0 0 0 0   -1   -1   -1
 96  1658   C.3   44.32   40.47   -8.25  1.94   0.36   0.0390   N    0.00    0.00    0.00    0.00    0.00    0.00 0 0 0 0 0   -1   -1   -1
 97  1659   C.3   45.51   40.86   -9.12  1.94  -0.14   0.0486   N    0.00    0.00    0.00    0.00    0.00    0.00 0 0 0 0 0   -1   -1   -1
 98  1660 N.pl3   46.79   40.32   -8.62  1.83  -0.10  -0.5295   P   46.96   40.40   -7.64    0.00    0.00    0.00 0 1 0 1 1   -1   -1   -1
 99  1661 C.cat   47.74   39.75   -9.34  1.90   0.00   0.8076   N    0.00    0.00    0.00    0.00    0.00    0.00 0 0 0 0 0   -1   -1   -1
100  1662 N.pl3   47.60   39.48  -10.60  1.83  -0.65  -0.8627   P   47.50   39.28  -11.58    0.35    0.91   -0.23 0 2 0 2 2   -1   -1   -1
101  1663 N.pl3   48.88   39.44   -8.82  1.83  -0.65  -0.8627   P   49.77   39.20   -8.42   -0.35   -0.91    0.23 0 2 0 1 2   -1   -1   -1
102  1769   C.3   42.47   37.98   -2.02  1.94   0.53  -0.3192   N    0.00    0.00    0.00    0.00    0.00    0.00 0 0 0 0 0   -1   -1   -1
103  1770   C.3   42.64   40.08   -3.29  1.94   0.53  -0.3192   N    0.00    0.00    0.00    0.00    0.00    0.00 0 0 0 0 0   -1   -1   -1
104  5044   C.2   43.85   43.96    2.62  1.90  -0.03   0.5973   N    0.00    0.00    0.00    0.00    0.00    0.00 0 0 0 0 0   -1   -1   -1
105  5045   O.2   44.78   44.46    1.97  1.66  -0.40  -0.5679   P   45.53   44.87    1.45    0.38   -0.91   -0.16 2 0 2 0 2   -1   -1   -1
106  5048  C.ar   46.05   41.82    3.17  1.85   0.34  -0.1906   N    0.00    0.00    0.00    0.00    0.00    0.00 0 0 0 0 0   -1   -1   -1
107  5050  C.ar   46.89   40.86    2.58  1.85   0.34  -0.2341   N    0.00    0.00    0.00    0.00    0.00    0.00 0 0 0 0 0   -1   -1   -1
108  5051  C.ar   45.70   39.10    3.75  1.85   0.34  -0.2341   N    0.00    0.00    0.00    0.00    0.00    0.00 0 0 0 0 0   -1   -1   -1
109  5052  C.ar   46.73   39.50    2.89  1.85  -0.15   0.3226   N    0.00    0.00    0.00    0.00    0.00    0.00 0 0 0 0 0   -1   -1   -1
110  5053   O.3   47.61   38.58    2.40  1.74   0.08  -0.5579   P   48.25   37.91    2.04   -0.49   -0.73    0.49 2 1 2 1 3   -1   -1   -1
111  5063  N.am   42.73   43.59    2.01  1.83  -0.10  -0.4157   P   41.95   43.34    2.58    0.00    0.00    0.00 0 1 0 1 1   -1   -1   -1
112  5064   C.3   42.58   43.53    0.55  1.94  -0.31  -0.0389   N    0.00    0.00    0.00    0.00    0.00    0.00 0 0 0 0 0   -1   -1   -1
113  5065   C.2   42.82   44.89   -0.11  1.90  -0.03   0.5973   N    0.00    0.00    0.00    0.00    0.00    0.00 0 0 0 0 0   -1   -1   -1
114  5066   O.2   43.43   44.96   -1.18  1.66  -0.40  -0.5679   P   43.93   45.01   -2.05   -0.87    0.03   -0.50 2 0 1 0 2   -1   -1   -1
115  5077  N.am   42.48   46.00    0.55  1.83  -0.10  -0.4157   P   41.98   45.90    1.42    0.00    0.00    0.00 0 1 0 1 1   -1   -1   -1
116  5087  N.am   45.14   47.08    0.84  1.83  -0.10  -0.4157   P   44.74   46.57    1.60    0.00    0.00    0.00 0 1 0 1 1   -1   -1   -1
117  5088   C.3   46.61   47.15    0.76  1.94  -0.31  -0.0518   N    0.00    0.00    0.00    0.00    0.00    0.00 0 0 0 0 0   -1   -1   -1
118  5089   C.2   47.15   46.38   -0.45  1.90  -0.03   0.5973   N    0.00    0.00    0.00    0.00    0.00    0.00 0 0 0 0 0   -1   -1   -1
119  5090   O.2   48.21   46.73   -0.96  1.66  -0.40  -0.5679   P   49.08   47.01   -1.38    0.49   -0.66    0.57 2 0 2 0 2   -1   -1   -1
120  5091   C.3   47.19   46.67    2.11  1.94   0.36  -0.1102   N    0.00    0.00    0.00    0.00    0.00    0.00 0 0 0 0 0   -1   -1   -1
121  5092   C.3   48.73   46.57    2.23  1.94   0.13   0.3531   N    0.00    0.00    0.00    0.00    0.00    0.00 0 0 0 0 0   -1   -1   -1
122  5093   C.3   49.44   47.88    1.92  1.94   0.53  -0.4121   N    0.00    0.00    0.00    0.00    0.00    0.00 0 0 0 0 0   -1   -1   -1
123  5094   C.3   49.10   46.18    3.66  1.94   0.53  -0.4121   N    0.00    0.00    0.00    0.00    0.00    0.00 0 0 0 0 0   -1   -1   -1
124  5106  N.am   46.42   45.39   -0.97  1.83  -0.10  -0.4157   P   45.55   45.16   -0.53    0.00    0.00    0.00 0 1 0 1 1   -1   -1   -1
125  5107   C.3   46.83   44.61   -2.16  1.94  -0.31  -0.0389   N    0.00    0.00    0.00    0.00    0.00    0.00 0 0 0 0 0   -1   -1   -1
126  5108   C.2   46.62   45.35   -3.48  1.90  -0.03   0.5973   N    0.00    0.00    0.00    0.00    0.00    0.00 0 0 0 0 0   -1   -1   -1
127  5109   O.2   47.30   45.04   -4.46  1.66  -0.40  -0.5679   P   47.85   44.79   -5.25   -0.71   -0.63   -0.30 2 0 2 0 2   -1   -1   -1
128  5110   C.3   46.18   43.22   -2.20  1.94  -0.20   0.3654   N    0.00    0.00    0.00    0.00    0.00    0.00 0 0 0 0 0   -1   -1   -1
129  5111   C.3   46.17   42.51   -0.85  1.94   0.53  -0.2438   N    0.00    0.00    0.00    0.00    0.00    0.00 0 0 0 0 0   -1   -1   -1
130  5112   O.3   44.85   43.27   -2.66  1.74  -0.47  -0.6761   P   43.91   43.30   -2.99    0.05    1.00   -0.05 2 1 2 0 3   -1   -1   -1
131  5120  N.am   45.73   46.36   -3.52  1.83  -0.10  -0.4157   P   45.24   46.58   -2.67    0.00    0.00    0.00 0 1 0 1 1   -1   -1   -1
132  5121   C.3   45.44   47.16   -4.71  1.94  -0.31  -0.0024   N    0.00    0.00    0.00    0.00    0.00    0.00 0 0 0 0 0   -1   -1   -1
133  5123   O.2   46.54   49.08   -5.59  1.66  -0.40  -0.5679   P   47.00   49.49   -6.38   -0.87    0.37   -0.32 2 0 2 0 2   -1   -1   -1
134  5125  C.ar   43.38   45.83   -5.47  1.85   0.30   0.0118   N    0.00    0.00    0.00    0.00    0.00    0.00 0 0 0 0 0   -1   -1   -1
135  5126  C.ar   43.66   45.38   -6.77  1.85   0.34  -0.1256   N    0.00    0.00    0.00    0.00    0.00    0.00 0 0 0 0 0   -1   -1   -1
136  5127  C.ar   42.58   45.04   -4.62  1.85   0.34  -0.1256   N    0.00    0.00    0.00    0.00    0.00    0.00 0 0 0 0 0   -1   -1   -1
137  5128  C.ar   43.17   44.15   -7.22  1.85   0.34  -0.1704   N    0.00    0.00    0.00    0.00    0.00    0.00 0 0 0 0 0   -1   -1   -1
138  5129  C.ar   42.08   43.81   -5.07  1.85   0.34  -0.1704   N    0.00    0.00    0.00    0.00    0.00    0.00 0 0 0 0 0   -1   -1   -1
139  5130  C.ar   42.37   43.36   -6.37  1.85   0.34  -0.1072   N    0.00    0.00    0.00    0.00    0.00    0.00 0 0 0 0 0   -1   -1   -1
140  5142   C.2   47.82   50.69   -2.87  1.90  -0.03   0.5973   N    0.00    0.00    0.00    0.00    0.00    0.00 0 0 0 0 0   -1   -1   -1
141  5164  N.am   48.36   49.59   -2.34  1.83  -0.10  -0.4157   P   47.80   48.76   -2.31    0.00    0.00    0.00 0 1 0 1 1   -1   -1   -1
142  5165   C.3   49.73   49.52   -1.81  1.94  -0.30  -0.0252   N    0.00    0.00    0.00    0.00    0.00    0.00 0 0 0 0 0   -1   -1   -1
143  5166   C.2   49.91   50.25   -0.47  1.90  -0.03   0.5973   N    0.00    0.00    0.00    0.00    0.00    0.00 0 0 0 0 0   -1   -1   -1
144  5167   O.2   48.95   50.78    0.09  1.66  -0.40  -0.5679   P   48.17   51.21    0.54   -0.18   -0.85    0.49 2 0 2 0 2   -1   -1   -1
145  5171  N.am   51.15   50.29    0.06  1.83   0.08  -0.2548   N    0.00    0.00    0.00    0.00    0.00    0.00 0 0 0 0 0   -1   -1   -1
146  5172   C.3   51.46   50.90    1.35  1.94  -0.31  -0.0266   N    0.00    0.00    0.00    0.00    0.00    0.00 0 0 0 0 0   -1   -1   -1
147  5175   C.3   52.99   50.90    1.43  1.94   0.36  -0.0070   N    0.00    0.00    0.00    0.00    0.00    0.00 0 0 0 0 0   -1   -1   -1
148  5176   C.3   53.37   49.66    0.63  1.94   0.36   0.0189   N    0.00    0.00    0.00    0.00    0.00    0.00 0 0 0 0 0   -1   -1   -1
149  5177   C.3   52.32   49.62   -0.48  1.94  -0.14   0.0192   N    0.00    0.00    0.00    0.00    0.00    0.00 0 0 0 0 0   -1   -1   -1
150  5203   C.3   46.25   51.65    1.70  1.94   0.13   0.2985   N    0.00    0.00    0.00    0.00    0.00    0.00 0 0 0 0 0   -1   -1   -1
151  5204   C.3   47.02   50.76    2.69  1.94   0.53  -0.3192   N    0.00    0.00    0.00    0.00    0.00    0.00 0 0 0 0 0   -1   -1   -1
152  5785   O.w   44.75   41.56   -4.90  1.77  -1.00  -0.8340   N    0.00    0.00    0.00    0.00    0.00    0.00 0 0 0 0 0   -1   -1   -1
<End>
